1.351678 -0.442217 
-1.088515 -1.026552 
1.045225 -0.998472 
0.980179 -0.692945 
1.006940 -0.864976 
1.213139 -0.286126 
-1.015548 -1.086420 
-1.321881 -0.299018 
1.381589 -0.012717 
-1.297866 -0.546338 
0.359661 -1.220564 
-0.056614 -1.472881 
1.157005 -0.307432 
-0.915749 -0.842209 
-0.516938 -1.203984 
-0.456049 -1.213578 
1.184984 -0.903348 
-1.200493 -0.449453 
-0.424897 -1.426447 
0.514502 -1.094097 
0.006558 -1.326021 
-1.204802 -0.500378 
0.429645 -1.209026 
-1.118147 -0.517395 
-0.792349 -1.140985 
-0.410299 -1.276374 
-0.333358 -1.253504 
-0.811385 -1.260958 
-0.225206 -1.461193 
0.282863 -1.378066 
1.356686 -0.171726 
-0.663066 -1.254043 
1.262074 -0.414293 
-1.377804 -0.044481 
1.382886 -0.166689 
0.247620 -1.153362 
1.202823 -0.592414 
-0.306118 -1.243662 
-0.327732 -1.211968 
-0.710613 -0.957215 
-0.843614 -1.037210 
1.021063 -0.879501 
1.047317 -0.812676 
-0.028611 -1.201896 
0.102288 -1.371226 
0.222289 -1.321226 
-0.920607 -1.058140 
0.119215 -1.371196 
1.197892 -0.769081 
1.283393 -0.728000 
1.238817 -0.674023 
-1.172494 -0.442348 
-1.087421 -0.602967 
-1.233929 -0.132582 
-1.045636 -0.690414 
-1.171370 -0.556575 
0.718106 -1.142319 
0.768544 -0.954437 
1.310776 -0.149293 
1.178892 -0.146587 
0.190939 -1.271961 
-0.885542 -1.182861 
1.291516 -0.100926 
0.448288 -1.386617 
-1.194227 -0.060194 
1.335771 -0.634785 
0.339276 -1.454453 
0.327203 -1.350574 
0.769112 -1.268790 
0.270000 -1.199803 
-1.198900 -0.862774 
1.150171 -0.298372 
1.427176 -0.147244 
1.273311 -0.510468 
0.749152 -0.938995 
1.166402 -0.279319 
-0.377574 -1.402316 
-1.048092 -0.927886 
0.914146 -0.774066 
-1.410639 -0.159806 
1.141245 -0.315632 
-1.264895 -0.352140 
1.334568 -0.380013 
-0.055161 -1.265942 
0.681203 -1.224247 
-0.432868 -1.239326 
-0.902628 -1.156663 
-0.805345 -1.065755 
-1.216953 -0.074252 
-0.534929 -1.268700 
1.246806 -0.143244 
0.300674 -1.135543 
-1.207813 -0.483779 
0.454761 -1.265353 
-0.455998 -1.145505 
0.967222 -0.633095 
0.157123 -1.262277 
-0.419621 -1.104308 
0.212706 -1.353828 
-0.125919 -1.358963 
-0.098625 -1.366962 
-1.307313 -0.093935 
0.282375 -1.305692 
0.136320 -1.399905 
0.573395 -1.376218 
-1.098690 -0.741135 
-0.191725 -1.452396 
-1.151363 -0.898744 
1.158726 -0.351400 
1.353531 -0.473465 
0.895148 -0.952986 
-0.457769 -1.290541 
0.864549 -1.172840 
-1.271691 -0.220257 
-1.354795 -0.142621 
-0.386155 -1.416699 
-1.486585 -0.064649 
1.451719 -0.062858 
-1.140594 -0.199532 
0.398433 -1.333697 
-1.215709 -0.429844 
-0.707416 -1.249869 
-1.448318 -0.364137 
-0.849699 -1.068444 
-1.298820 -0.430809 
1.052359 -0.953728 
0.771543 -0.941764 
-1.413848 -0.154834 
-0.693593 -1.115449 
1.412334 -0.043996 
0.461711 -1.301446 
0.263894 -1.414625 
1.248794 -0.344376 
0.516384 -1.314059 
-0.282909 -1.255312 
-1.274044 -0.186531 
0.136126 -1.406994 
-0.657287 -1.174959 
0.487530 -1.376348 
0.030814 -1.366041 
0.528662 -1.335073 
-0.517465 -1.153319 
1.168140 -0.093641 
-0.557948 -1.102204 
-1.428763 -0.391962 
0.975307 -0.851186 
-0.809203 -1.129601 
0.317382 -1.293348 
-0.040869 -1.348615 
-0.761269 -1.207134 
-0.014631 -1.197696 
0.881371 -1.100564 
-0.250139 -1.374021 
-0.981905 -0.655306 
0.398173 -1.283331 
1.048788 -0.485272 
-0.854666 -1.135634 
0.729220 -1.095820 
1.035087 -0.724259 
0.857488 -0.902675 
0.975836 -1.005433 
-0.528163 -1.205578 
-0.530244 -1.330393 
0.975161 -1.118745 
-0.882817 -1.179011 
1.058434 -0.469612 
0.015661 -1.425607 
0.945897 -0.727105 
-0.137851 -1.162670 
-0.566877 -1.382461 
1.145821 -0.350141 
1.283945 -0.013373 
0.977397 -0.962208 
-1.301351 -0.517554 
1.036296 -0.659885 
1.312577 -0.703878 
1.053309 -1.028943 
1.173931 -0.368067 
-0.420391 -1.406358 
0.495976 -1.173666 
0.532541 -1.291710 
1.209173 -0.456106 
1.278255 -0.419773 
-0.498485 -1.414685 
-0.131890 -1.419606 
0.662846 -0.944040 
0.541988 -1.366584 
1.368406 -0.178069 
0.756805 -0.891435 
0.965518 -0.852924 
-0.574876 -1.132932 
-0.003674 -1.288205 
-1.044445 -0.933594 
0.881040 -1.172991 
0.958702 -0.719904 
0.486683 -1.141456 
-0.044597 -1.366719 
0.378916 -1.303157 
1.152517 -0.375262 
0.751385 -1.043166 
0.284085 -1.345603 
-0.705559 -0.929971 
0.936143 -0.714137 
-0.427349 -1.400647 
-1.397457 -0.259639 
-0.388031 -1.288181 
1.257425 -0.587706 
1.131712 -0.978694 
-1.140481 -0.928373 
-1.155173 -0.521984 
-0.776658 -1.092346 
0.064656 -1.271833 
-0.665408 -1.015044 
1.235009 -0.696790 
1.167726 -0.496496 
-0.091387 -1.313914 
1.204858 -0.081517 
-0.887566 -0.756170 
-0.619329 -1.083287 
-1.183389 -0.151681 
1.182710 -0.406164 
-0.461094 -1.111673 
-1.236277 -0.103806 
-0.827326 -1.012772 
-0.174142 -1.272215 
-1.034279 -0.507207 
-1.233881 -0.333252 
-1.200080 -0.346642 
-0.547963 -1.214259 
1.083807 -0.683037 
0.175568 -1.260251 
0.575270 -1.233076 
1.219060 -0.217607 
0.299589 -1.369572 
0.026867 -1.320476 
-1.192291 -0.889735 
-1.240223 -0.452389 
1.242353 -0.373332 
-1.079814 -0.622406 
1.199955 -0.175451 
-1.195863 -0.179354 
-0.840427 -1.200488 
-0.823338 -1.066241 
-1.221183 -0.164823 
1.443109 -0.021112 
0.787580 -1.265746 
-1.174756 -0.737888 
-0.991109 -1.089706 
-0.246433 -1.335035 
-0.958706 -0.770617 
-0.290309 -1.425303 
-1.357348 -0.302797 
-0.335629 -1.298857 
-0.659918 -1.243477 
-1.158743 -0.551632 
1.118484 -0.944211 
1.074808 -0.902222 
0.576471 -1.208895 
1.271479 -0.172343 
-0.377733 -1.438700 
0.224666 -1.267707 
1.111531 -0.480342 
-1.293810 -0.022583 
-1.181088 -0.355315 
0.705215 -1.235617 
0.538478 -1.395844 
-1.173059 -0.698721 
-0.743571 -1.152783 
0.943384 -0.892920 
-0.533461 -1.117784 
-1.004347 -0.941974 
-1.097416 -0.917388 
-1.364025 -0.603229 
1.217854 -0.478978 
-1.257606 -0.664600 
-1.128524 -0.480438 
0.080613 -1.217804 
1.326842 -0.591954 
0.206440 -1.459932 
1.259733 -0.240623 
-0.287520 -1.405148 
0.792077 -0.890485 
-1.140866 -0.505128 
1.226270 -0.049656 
1.425062 -0.292419 
1.247393 -0.096146 
-1.059829 -0.544329 
-1.156876 -0.628931 
1.266290 -0.699783 
-1.237613 -0.808846 
-0.741256 -0.921850 
-0.587852 -1.183540 
0.108025 -1.368036 
-1.183867 -0.516081 
0.975764 -1.041596 
1.193591 -0.668104 
-1.169017 -0.257010 
1.070101 -0.963340 
-1.095690 -0.734113 
-1.431398 -0.176347 
-0.917156 -0.838161 
-0.913756 -1.022637 
1.203196 -0.416668 
1.008085 -0.850671 
1.238690 -0.342896 
1.372777 -0.164019 
0.797594 -0.955244 
-1.334303 -0.168995 
-1.312352 -0.050190 
1.002667 -0.605103 
-0.361078 -1.145046 
0.353349 -1.284119 
0.097854 -1.365195 
-0.976966 -0.776631 
0.540618 -1.221655 
-1.193116 -0.334651 
0.817947 -0.998864 
-1.268646 -0.790200 
0.707101 -0.913626 
-1.284999 -0.769476 
-0.519122 -1.401200 
0.196299 -1.323302 
1.027422 -0.986729 
-0.183422 -1.235749 
-0.535740 -1.043072 
1.246764 -0.390066 
-0.116695 -1.272116 
-0.208860 -1.454483 
-1.446815 -0.028245 
0.661876 -1.171805 
-0.976550 -1.025776 
-1.163341 -0.028982 
1.366620 -0.407705 
-0.416737 -1.270934 
-0.048461 -1.357370 
0.966841 -0.700963 
-1.191336 -0.059452 
1.187265 -0.232822 
0.951243 -0.786422 
-0.276053 -1.340366 
-0.926866 -0.705921 
1.323273 -0.437472 
-0.086907 -1.451365 
-1.285555 -0.581598 
0.635062 -0.993830 
0.764746 -0.908670 
0.970372 -0.663482 
0.952042 -1.050840 
1.374259 -0.519631 
1.095248 -0.802376 
1.145513 -0.361517 
0.264448 -1.238358 
0.993208 -0.651119 
0.945139 -1.122038 
0.845404 -0.876954 
1.411526 -0.429600 
-0.246089 -1.242641 
-0.276693 -1.144544 
0.822117 -1.086095 
0.355474 -1.360288 
-1.192743 -0.180424 
0.179835 -1.168462 
1.176631 -0.514054 
0.146440 -1.322415 
0.410528 -1.380294 
1.113660 -0.929003 
0.750368 -1.084289 
-1.333233 -0.608598 
1.245857 -0.273613 
-0.371640 -1.181180 
0.727191 -0.893022 
1.364229 -0.372876 
-0.322329 -1.188306 
1.281977 -0.141170 
-1.464613 -0.087462 
0.038908 -1.151398 
0.786618 -0.956880 
-1.419139 -0.191036 
0.951702 -1.154872 
-1.254428 -0.729071 
0.386006 -1.109495 
-1.169547 -0.129185 
1.290735 -0.365804 
-0.849799 -1.164116 
-0.645844 -1.155117 
-1.140677 -0.415964 
-1.392378 -0.056366 
1.174553 -0.832798 
-1.462189 -0.058639 
0.689646 -0.995793 
-1.408438 -0.084775 
0.883241 -0.852910 
-1.249793 -0.765893 
0.870483 -1.215881 
0.206153 -1.198057 
1.206328 -0.540838 
0.106163 -1.368400 
1.091263 -0.805586 
-1.307165 -0.417671 
1.253550 -0.199374 
-1.357189 -0.228444 
-1.034680 -0.833182 
-1.083891 -0.761365 
-0.790669 -0.959699 
-1.319907 -0.376483 
0.285735 -1.313810 
1.348441 -0.250975 
0.348807 -1.348260 
1.300129 -0.526541 
1.150012 -0.255161 
1.277730 -0.761501 
-1.273341 -0.752126 
-0.232802 -1.199311 
1.045372 -1.025459 
0.267970 -1.179946 
-1.136515 -0.296875 
1.114343 -0.299350 
0.608469 -1.280840 
-1.062503 -0.829636 
0.059274 -1.308435 
0.708130 -1.142653 
-1.155447 -0.126953 
-0.969864 -1.083176 
0.267974 -1.468930 
0.087657 -1.167521 
-0.606197 -1.119477 
0.016173 -1.163173 
0.640153 -0.968830 
-0.344671 -1.377893 
-1.227260 -0.221082 
0.397145 -1.300149 
1.412850 -0.336484 
-1.188757 -0.276257 
-1.354320 -0.149764 
0.956555 -0.722311 
-0.976538 -0.782364 
0.941375 -0.917632 
0.088807 -1.450780 
0.027634 -1.370535 
-1.080478 -0.878439 
-1.047451 -0.767108 
0.091246 -1.260116 
-0.752575 -1.291014 
-0.316558 -1.200698 
-1.244923 -0.406010 
0.621702 -1.267674 
-1.006079 -0.594902 
1.116670 -0.328981 
-0.639336 -1.284697 
0.204963 -1.178773 
-0.927523 -0.761424 
-1.180718 -0.438657 
1.331218 -0.272325 
-0.617226 -1.109116 
1.352414 -0.370293 
-0.693738 -1.049870 
1.427746 -0.456738 
-1.441947 -0.308575 
0.204404 -1.363184 
0.718501 -1.004904 
0.442485 -1.241378 
-0.786127 -0.848249 
0.634775 -1.174190 
1.358206 -0.036860 
1.265014 -0.232126 
0.645882 -1.300367 
0.246011 -1.446231 
0.852436 -0.878957 
0.039227 -1.354756 
0.363997 -1.316928 
-0.637783 -1.327172 
0.734106 -1.092916 
-0.462937 -1.158549 
0.360990 -1.173703 
1.466124 -0.125544 
-1.233212 -0.761838 
1.395818 -0.267460 
-0.560483 -1.227906 
1.278829 -0.039786 
0.500418 -1.259814 
1.004867 -1.021210 
-1.475037 -0.018757 
0.301668 -1.358395 
-0.999122 -0.707969 
-1.402635 -0.204053 
-1.370484 -0.149910 
1.386759 -0.316930 
-0.301600 -1.123607 
-0.606946 -0.988964 
1.149916 -0.279613 
1.112614 -0.407390 
0.856348 -1.127527 
1.189183 -0.895996 
0.791205 -0.892338 
-0.139753 -1.490476 
-0.235832 -1.352351 
-0.476557 -1.190218 
-1.065508 -0.474396 
0.597955 -1.088428 
1.243088 -0.337884 